Number of epochs:
1
Number of hidden layers: 20
RESULT
82
ACCURACY
95.3488372093 %
Input to hidden weights
[[-0.14104051  0.15673696 -0.67759104 ..., -0.24177462 -0.07834371
   0.6740116 ]
 [-0.87573695  0.03266168 -0.62080494 ..., -0.96764362  0.86116452
  -0.85549369]
 [-0.44888652  0.6429352   0.49932496 ..., -0.82872556 -0.53689703
  -0.62282873]
 ..., 
 [-0.01660889 -0.44654157  0.36094019 ...,  0.687824    0.37278001
   1.11545963]
 [ 0.88871187 -0.09218377  0.19002259 ...,  0.64197195  0.85345915
  -0.10433956]
 [-0.57222841  0.3156816   0.61973631 ..., -0.02945622 -0.63472527
   0.19174248]]
hidden to ouput weights
[[-0.47370181 -0.86850304]
 [-1.45286083 -0.89060015]
 [ 0.28820548  0.52652175]
 [-1.35621045  0.64977139]
 [-0.25947132 -0.61456349]
 [ 1.10131265  1.38042709]
 [ 0.19936837 -0.50232532]
 [ 1.19699577  0.44034925]
 [-2.51257508 -1.01914023]
 [ 0.37668745  0.32793726]
 [-0.53169107 -0.42264166]
 [ 0.23302631 -0.62368945]
 [ 0.35797505 -0.20241095]
 [ 0.78434262  0.24001187]
 [ 0.57975546  2.19595294]
 [-1.05735283  1.69230038]
 [ 0.28862084  0.2973371 ]
 [-0.39829417 -1.47086351]
 [-0.82309167  0.11932669]
 [-0.32439424  0.44003905]]
Number of epochs:
1
Number of hidden layers: 10
RESULT
81
ACCURACY
94.1860465116 %
Input to hidden weights
[[ -8.05613241e-01   7.80120603e-01  -7.20836769e-01  -8.63036029e-01
   -4.75107527e-01   4.63624306e-01  -4.81732173e-02  -6.77992217e-01
   -8.26657797e-02  -6.14463760e-01]
 [ -3.29668780e-01   6.00001773e-01  -1.23731067e-01  -3.06598287e-01
    2.08479959e-01  -2.92736091e-01  -3.61969780e-01   7.49676229e-01
    6.61380342e-01  -6.18325834e-01]
 [  5.35754304e-01  -1.19259494e-01  -2.94355700e-01  -7.96324515e-01
    8.96312340e-02  -7.48952428e-01  -8.68120463e-01   7.12947870e-01
    1.77493180e-01  -7.38923041e-01]
 [ -7.35926881e-01  -7.42895727e-01   1.90012188e-01  -4.00959458e-01
   -8.32926843e-01   3.44187317e-01  -6.76245221e-01  -7.58358310e-01
   -9.92529954e-01   5.86589195e-02]
 [ -6.01995657e-01  -8.87166269e-01   1.44678535e-01   7.42219687e-01
   -2.92034485e-01  -6.28150636e-01   1.53878694e-01   3.15728406e-01
    6.25623364e-01  -3.67372920e-01]
 [ -6.67052486e-01  -4.99243124e-01   9.17437280e-01   1.37881351e-01
   -9.64341266e-01   8.90193426e-01   6.01067342e-01  -2.74887705e-01
   -2.51529325e-01  -1.68749939e-01]
 [ -4.69384628e-01  -1.32972371e-01  -1.67524995e-01   9.58354039e-02
    2.49006243e-01  -6.35831475e-01  -8.34693429e-01  -9.15755385e-01
    6.97916955e-01   2.39251696e-01]
 [ -2.45528623e-02  -9.13653795e-01   5.98882103e-01   9.18163268e-01
   -6.79867965e-01  -2.21605163e-01  -3.11704612e-01  -2.00355409e-01
   -5.38419757e-01   7.68464202e-02]
 [  6.45272635e-01  -6.42751088e-01  -1.95037850e-01  -6.99723419e-01
   -8.55123686e-01  -4.65961671e-01   3.72583086e-01  -6.34705670e-01
    7.99115530e-03  -4.17398237e-01]
 [ -5.90028071e-01   9.88042521e-01  -8.51655899e-01  -4.16934999e-01
    7.11597424e-01   9.86900732e-01  -4.77656470e-01   7.37205740e-01
    6.14086026e-01  -7.26116662e-01]
 [ -2.33781904e-01  -4.92584482e-01   3.77195490e-01   6.58306071e-01
    6.67862927e-01  -2.27989128e-01  -7.50059919e-01  -4.28913727e-01
   -5.97964300e-01   9.29867171e-01]
 [ -3.97427010e-01  -1.25840506e+00  -2.25229603e-01   1.94944901e-01
   -1.81996133e-01  -1.12849151e-01   8.34391137e-01  -6.27773101e-01
   -9.22389132e-01  -5.55713991e-01]
 [ -3.24650681e-01  -7.60984432e-02   3.72190518e-01  -9.61179844e-02
   -8.99003593e-01  -3.24875280e-01  -6.12401400e-01  -7.36044303e-01
   -1.02081734e+00   7.26874250e-01]
 [  8.39983164e-01  -2.07708368e-01  -4.78448958e-01  -8.20879278e-01
    7.06652758e-01   5.46402762e-01   3.01386950e-01  -3.85860766e-01
   -4.16341673e-01  -7.82288328e-02]
 [ -8.65779972e-01  -3.49893170e-01  -7.00187429e-03   8.20274885e-01
    1.76088432e-01   6.31427408e-01  -1.26977309e-01  -2.33916403e-01
    8.15294773e-01   5.99338647e-01]
 [  9.19789221e-01   2.83148469e-01   8.81263640e-02   3.39034620e-01
   -9.39569221e-01  -2.69084915e-01  -7.60731337e-01  -7.03859919e-01
    7.51716117e-01  -4.00012254e-01]
 [  7.32035260e-01  -4.98216368e-02  -5.03510106e-01   4.49620673e-01
   -6.04685653e-01  -5.19645729e-01  -1.81121866e-01   9.77558796e-01
   -6.79406304e-01   9.69374005e-01]
 [ -6.81181955e-01   3.70403371e-01  -7.57274602e-01  -4.68446039e-01
    1.73359599e-01   7.80456642e-01  -1.58699687e-01   3.13209886e-03
   -2.29995701e-01   7.00227735e-01]
 [ -7.67997546e-01   8.61515482e-01  -3.59031537e-01  -6.76100764e-01
    7.83702132e-01   9.82378009e-01   8.29203624e-01  -3.44037813e-01
   -8.31304396e-01   5.36166321e-01]
 [ -1.14826898e-01   6.42086221e-01   7.98054242e-01   2.69321424e-01
    3.73657328e-01   3.05885038e-01  -2.50530500e-01   1.11279585e+00
   -5.68391176e-01  -7.19779245e-01]
 [ -2.94844920e-01   7.51771204e-01   4.12679989e-01  -3.99689242e-01
   -1.37407452e-01   4.56920568e-01   8.08545673e-01  -7.20334768e-01
   -6.38098351e-01   7.14592448e-01]
 [  9.38770944e-01   4.65907969e-01  -4.60747756e-01   1.41021151e-01
    9.69350307e-02  -2.01894357e-01   9.28152688e-01  -8.87938498e-01
   -8.29730044e-01   3.04942897e-01]
 [  6.95537373e-01   5.07978721e-01  -2.86217944e-01  -8.33182241e-01
   -9.48684541e-01  -4.74972986e-01  -1.04231345e+00   1.16728130e+00
   -5.82726209e-01   1.11608288e-01]
 [  2.01009128e-01   5.58014990e-01   4.56993546e-01  -3.70228448e-01
   -6.24679640e-01   4.14907524e-02  -7.18989409e-01   6.11096179e-02
    1.38067969e-01  -7.41109045e-01]
 [  2.10990075e-01  -8.78530539e-01   8.50337673e-01   1.63939946e-01
    6.34509217e-01   1.87520417e-02   9.53420165e-01   3.70429860e-01
   -7.22044886e-01  -3.69365759e-01]
 [ -2.88563494e-01   7.46578756e-03   9.74434774e-01   2.33983794e-02
   -4.79810712e-01  -9.86298971e-01  -2.47291275e-01   3.96748508e-01
    1.43545906e-02   7.76991348e-01]
 [ -1.49827485e-01  -3.66348154e-01   6.33934715e-01   6.88284193e-01
   -3.77647065e-01   1.09281579e-01  -6.43897907e-02   9.23312618e-01
    1.18989824e-01  -5.89362140e-01]
 [ -1.62751988e-01   1.42973925e+00   1.41399301e-01  -2.79532935e-01
   -8.17000117e-02   8.97179918e-02  -2.93643706e-01   1.60616617e-01
    5.98741442e-01   4.08375998e-01]
 [ -5.27411341e-01   1.55103130e-01   5.26855805e-01   1.88408026e-01
   -9.28620503e-01  -3.72676518e-01   7.91103656e-01  -4.89283786e-01
    1.02426810e+00   1.05061274e+00]
 [ -1.34136511e-01  -1.17571149e+00   4.01608043e-01   5.59676548e-01
    4.37674297e-01  -6.67815601e-01   4.92699596e-01  -6.40546888e-01
   -4.74300016e-01  -4.32587491e-02]
 [  7.86821085e-01  -2.78280243e-01   1.29770505e-01  -2.82635563e-01
    9.64560330e-01   5.48881111e-01  -3.72814685e-01   4.03135876e-01
   -5.02320516e-01   5.27812699e-01]
 [  1.44640000e-01   9.97531071e-01  -7.17390616e-01   5.89048691e-01
    5.69176431e-01   8.39581931e-01   3.55952213e-01   4.57529204e-01
    4.01290763e-01  -4.22151902e-01]
 [  1.76196665e-01   9.89195885e-01  -9.75162180e-01   2.43949835e-01
    4.66423462e-01   9.54975969e-01   9.14537013e-01   5.28531265e-01
   -9.37909214e-01   5.26664811e-01]
 [ -1.41519468e-01  -7.78479069e-02   8.69065087e-01  -7.35597364e-01
   -9.56177555e-01  -5.17422579e-02  -5.66115463e-01  -7.44952604e-01
   -2.98285971e-01   2.60037506e-01]
 [  7.63710010e-01  -5.85480419e-01  -7.55659421e-01  -1.11160786e-02
    3.70320822e-01   2.90850238e-01   3.34502662e-01   4.13313602e-01
   -2.70684096e-01   2.86607956e-01]
 [ -5.05362435e-01   1.09220515e+00  -2.27277389e-01  -9.17947172e-01
   -8.63474466e-01   1.31153754e-01  -4.84072476e-01   4.01560942e-01
    2.96806971e-01   3.69444417e-01]
 [  3.46316453e-01  -5.67342851e-01   2.25501487e-01   9.09861008e-02
    6.07008515e-01   3.55786939e-01   8.60239248e-02  -5.27394274e-01
   -8.37910238e-01   2.86550952e-01]
 [  1.43663559e-01   1.55076772e-01  -5.75446640e-01   1.10839456e+00
   -5.03190841e-02  -8.43060547e-01   1.24339697e+00  -1.35447352e+00
   -3.33929430e-01   1.47075107e+00]
 [  9.85628757e-01  -4.57713395e-01   1.65863346e-01   3.37486314e-01
   -5.17955260e-01  -8.34054288e-01  -5.04534100e-01  -6.07500302e-01
   -1.44955649e-01   7.84355254e-01]
 [  5.62511233e-01  -4.65767371e-02   9.50377576e-02   7.48919262e-01
    5.69347309e-01   5.25974948e-01  -5.02688318e-01   1.00805061e-01
    2.51292091e-01  -1.19307819e+00]
 [  6.90312100e-01  -6.43586335e-01  -5.41439089e-02   8.18425444e-01
   -7.54309171e-01  -2.18828345e-01   9.70887467e-01  -4.77099360e-01
    7.13442142e-01  -5.32091082e-02]
 [  6.24807404e-01   2.83634846e-01  -7.61292823e-04  -4.05685187e-01
    6.53224225e-01   1.92237693e-01  -9.22154313e-01  -3.87236679e-01
   -4.18658545e-01  -4.62917811e-01]
 [  5.03089525e-01   2.35848028e-01  -3.33366664e-01  -6.04211295e-01
    7.43552803e-01  -9.13097737e-01  -7.39539162e-02  -5.51489748e-01
   -6.41201361e-01  -1.86857930e-02]
 [  2.80664035e-01   1.25488458e+00  -8.46065860e-01  -4.35062241e-01
    3.96865799e-01   2.89952355e-01  -1.09598930e+00  -1.65607074e-01
   -2.21141446e-01  -7.59878688e-01]
 [ -4.17674431e-01   2.04643944e-01  -6.63470340e-02   1.39601025e-01
   -1.15104835e-01   3.61046115e-01   2.56577526e-01   2.00225781e-01
    2.37262322e-01   8.38365605e-01]
 [  5.96682716e-03   1.13538040e+00   1.11080661e+00  -1.15635583e+00
    4.46166736e-01   6.45834475e-01   4.95798364e-02  -9.50924722e-01
   -1.32269138e-01   4.93178433e-01]
 [  1.01914372e+00  -8.28703114e-01   3.19287457e-01   1.07264647e+00
    5.54195387e-01  -8.59446087e-01   9.39970159e-01   6.94112598e-01
   -9.07388978e-01  -5.74577184e-01]
 [ -1.93201933e-01  -5.42590354e-01  -9.82951745e-01   3.43170218e-01
    6.80042551e-01   6.53256324e-01  -6.29965387e-01  -2.40550416e-02
   -2.75237853e-01  -1.53733286e-01]
 [ -2.50610338e-01  -5.55111736e-01   6.10658503e-01   4.66951003e-01
    4.87607906e-01   8.11857642e-01   5.93488246e-01  -5.81033961e-01
    9.02533724e-01  -2.57040991e-01]
 [ -6.92717480e-01  -5.40912093e-01   5.50237784e-01   4.41758683e-02
    4.26390642e-01  -5.92040067e-01   1.92273459e-01  -8.96649938e-01
   -4.81624623e-01   7.71691938e-01]
 [ -8.18493805e-01  -1.70563112e-01  -4.62766435e-01  -3.66204644e-01
   -8.10793084e-01   7.66998888e-01  -2.37849146e-01  -9.48132291e-01
   -4.77135540e-01  -4.57538184e-01]
 [  3.78261505e-02   6.96356495e-01   6.60599393e-01   4.33624892e-01
    6.94690896e-02  -1.43358072e-01   7.51188458e-01   4.87769832e-01
   -3.43012413e-01  -6.52441020e-01]
 [  3.32368866e-01   5.31259871e-01  -1.09484485e-02   4.15949677e-01
    8.83996276e-02  -2.48874730e-01   4.55234357e-02   2.67639045e-01
   -5.75061116e-01  -6.25173367e-02]
 [ -2.09511848e-01   1.27375302e+00   7.94549614e-01  -1.22466921e+00
   -6.06942370e-01  -3.89144461e-01   2.67287632e-01  -3.03263518e-01
    5.30052724e-01  -9.87237157e-01]
 [ -8.04976422e-01  -4.17912457e-01  -5.07303850e-01   8.15076957e-02
   -9.31137140e-01   6.44032218e-01   1.52557876e-01   9.07242258e-01
   -3.88629710e-01   4.33363777e-01]
 [ -5.67252797e-01   3.45284587e-01   7.92060397e-01  -1.13895230e-01
    9.63592665e-01   1.89503552e-01   4.71369789e-01   1.43807032e-01
   -8.38766576e-01   7.68716744e-01]
 [ -6.31999517e-01   6.79654926e-01  -2.28657612e-01   9.58216132e-01
    8.52755815e-01  -5.29785035e-01  -9.02517096e-01  -4.09256396e-01
   -6.52770025e-01   3.74803560e-02]
 [  4.94824393e-01   9.55944961e-02   6.29331826e-01   6.40457461e-01
   -7.69994557e-02  -6.05417983e-01   6.52411828e-01  -5.03755580e-01
   -7.61489255e-01   3.63479048e-01]
 [ -3.60717612e-01   2.48879921e-01   7.25483209e-01  -4.56191071e-01
    7.46703430e-01  -2.98561470e-01   6.06196057e-01   3.42549702e-01
    4.77185530e-01   7.75805848e-01]
 [ -8.38299052e-01  -3.77417948e-01  -2.52476253e-01   1.07829892e+00
   -9.58565495e-01  -3.96987368e-01  -5.24782096e-01   2.56439175e-01
   -7.49589864e-01   9.51617972e-01]
 [ -7.62293519e-02   2.31689692e-01  -8.95597376e-01  -3.36204519e-01
   -7.93312816e-01   1.99750938e-02  -8.03253517e-01   1.01180942e+00
    5.80529074e-01   5.43145424e-01]
 [ -3.32724931e-01  -2.88391771e-02  -2.65613858e-01   6.61551974e-02
   -9.41436811e-01  -9.44824394e-01   6.54497047e-01  -1.66664190e-01
   -5.08638753e-01  -3.45349236e-01]
 [ -9.15709829e-01   5.18524748e-01  -5.36000523e-01  -2.60898204e-01
   -6.13607859e-01  -6.46255947e-01   2.90351538e-01  -9.98397849e-01
   -1.39204193e-01  -9.15481563e-02]
 [ -9.99920333e-01   9.16982346e-01   7.90928390e-01  -3.04336806e-01
   -6.63596823e-01   4.29400381e-01  -4.20028085e-01   4.13778695e-01
   -5.51785854e-01   7.90348425e-01]
 [ -4.69847845e-01  -5.41065810e-01  -6.19111273e-01   5.09273748e-01
   -4.32824553e-01   7.06728526e-01  -8.25657708e-01   8.67541639e-01
    1.36308989e-01  -6.30388303e-01]]
hidden to ouput weights
[[-0.15857567 -0.32142866]
 [-3.2398179  -0.9895608 ]
 [-0.64260611  0.89411259]
 [ 1.71206619  0.43400313]
 [ 0.76541031 -0.32752623]
 [-0.47427376 -0.78226596]
 [ 0.69080235  1.27312566]
 [-0.70313294 -2.1546375 ]
 [ 0.28800831  0.83081551]
 [ 0.40520266  2.16180825]]
Number of epochs:
1
Number of hidden layers: 15
RESULT
82
ACCURACY
95.3488372093 %
Input to hidden weights
[[ -3.96954008e-01  -5.85828119e-02  -5.52068271e-01  -5.51142276e-01
    1.45109696e-01   1.32955821e-02  -4.20043425e-01   5.94816327e-01
   -8.68798438e-01   1.99399329e-01   4.51381745e-01   4.08805603e-01
   -7.12115324e-01  -3.39347525e-01  -1.69406125e-01]
 [  6.98316710e-01  -4.40521107e-01   5.03553285e-01   9.83659247e-01
   -6.15952121e-01   3.79038181e-01   4.99163205e-01   5.43889148e-02
   -4.07544217e-03  -2.95238541e-01   1.51652943e-01   5.85580211e-01
   -7.12088788e-02  -1.42824338e-01   8.28478034e-01]
 [  3.38986926e-02   7.44333016e-01  -3.76114938e-01   1.09361519e-01
   -1.52826841e-01  -1.77811650e-01  -4.62851871e-01  -8.71635376e-01
   -9.79177748e-01   1.71245346e-01  -9.55985145e-01  -1.54026770e-01
    5.41120357e-01   5.87335607e-01  -1.26856324e-01]
 [  9.48186386e-02  -4.05093595e-01   6.36342561e-02  -1.07300638e+00
   -8.98170564e-01  -4.45517837e-01  -3.01363166e-02  -2.86474320e-01
   -1.36920956e-01  -5.85229384e-01   9.71688933e-01   2.37040461e-01
   -5.93509620e-03   1.51204913e-01   1.84562172e-01]
 [ -6.25108918e-01  -8.06195777e-01  -3.19731747e-01  -1.58582444e-01
    1.97305263e-01   4.89813608e-01   1.22511658e-01  -7.18956974e-01
    1.43347668e-01   5.24000987e-01   2.22936995e-01   4.31922583e-01
   -8.47799867e-01   3.27543235e-01  -2.09314845e-01]
 [ -2.62990865e-01  -7.03946555e-01  -3.93900313e-02   1.23406148e-01
   -3.79553317e-01   5.21551155e-01   2.78014796e-01  -6.70784836e-01
    2.86445927e-01  -4.88796329e-02  -8.20468740e-02  -4.84003669e-01
   -2.33617656e-01  -9.00322440e-01   1.29143294e-01]
 [  4.91931852e-01   6.59474154e-01  -5.65319732e-01  -1.95318077e-01
    2.73337260e-03  -5.53841572e-01   2.63414320e-01   9.83381101e-02
    9.26849963e-01   4.26487013e-01   1.19039523e-02   7.62289753e-01
   -1.51949834e-01   1.74123201e-01  -9.06576987e-02]
 [ -9.74788760e-01   1.87788604e-01   2.18151066e-01   1.44088878e-02
    7.86446887e-01  -5.62178605e-01  -1.50311528e-01  -6.12839311e-01
   -4.44912956e-01  -2.99980077e-01   9.51443261e-01  -2.18702021e-01
   -2.91457819e-01   1.18836141e-02  -3.96770690e-01]
 [  4.68969523e-01  -6.95397883e-01  -7.40595358e-01  -4.62012997e-01
   -3.35917543e-01   9.81709405e-01   3.66589714e-01   3.75040563e-02
    8.77253147e-01  -6.18422526e-01  -5.46223843e-01  -3.99369924e-02
    4.32047486e-01  -1.21383196e-01   5.02411572e-01]
 [  8.19776288e-01  -1.84924079e-01   6.10260511e-01  -6.29480688e-01
    4.59145976e-01  -2.27244041e-01   1.09900705e-02   6.65413581e-01
    5.77569413e-01   7.68795765e-01  -3.29307961e-01  -5.78710024e-01
    7.63788447e-01   9.55650878e-02   7.97225427e-01]
 [ -2.59625805e-01  -2.03028959e-01  -3.71403124e-01  -4.35251306e-01
   -6.66707039e-01   3.02848011e-01  -1.06818072e+00   8.92201580e-01
   -5.36304766e-01  -9.24597920e-01  -4.69819217e-01   3.51895953e-01
   -6.89067139e-01   6.13373441e-02  -4.34902369e-03]
 [ -1.32354111e-01  -4.50451031e-01   1.39187841e-01  -1.08107087e+00
   -8.80785200e-03  -8.40074815e-01  -6.37317138e-01   2.50386634e-03
   -6.58523495e-01  -2.57383597e-01  -1.08704301e-01   1.61930594e-01
    5.38819271e-01  -1.08364268e+00  -9.44855103e-01]
 [ -8.94917136e-01   8.17262642e-01  -2.11288693e-01   6.48051771e-01
   -7.58560080e-01   7.06098290e-01   4.23365910e-01  -6.18883942e-01
    1.48245876e-01   7.53371202e-01   6.51231533e-01   4.05247297e-01
   -9.27507289e-01   2.61398125e-01   5.84348629e-01]
 [ -1.24283736e-02   7.41894806e-01   7.47531830e-01   4.83832416e-02
    6.71755174e-01   7.70021442e-01   1.77396163e-01  -6.66090536e-01
    3.36570590e-01  -1.54381061e-01   8.42923044e-01   5.52261019e-01
    1.31262188e-01  -1.23058189e-01  -2.42010275e-01]
 [ -9.04106283e-01  -7.21223227e-01  -8.33304925e-02  -6.98243793e-01
    4.36408808e-01  -6.05562931e-01  -4.18126800e-01   1.41978452e-01
   -1.63498861e-01   6.70612092e-01   9.92651495e-01  -6.81306343e-01
   -8.96481517e-01   3.73203724e-01  -7.91027340e-01]
 [ -2.43632508e-02   3.52992494e-01  -1.59203109e-01  -5.53570658e-01
   -2.73966231e-02  -2.22256143e-01   6.32766979e-02  -6.58297534e-01
    4.03306686e-02   7.36834873e-01  -1.90217531e-01  -7.03623591e-01
   -2.92851715e-03  -3.17621056e-01   8.45495618e-01]
 [  9.95284828e-01  -2.31192516e-01  -8.11118990e-01   4.20716655e-01
    5.44447825e-01   7.14412721e-01   6.17562173e-01  -2.70177087e-01
   -5.71869432e-01   9.59453528e-01  -4.38525482e-01  -3.84850759e-01
    2.85968742e-01   5.18477507e-01  -2.82313262e-01]
 [  2.52136672e-01  -9.80637560e-01  -2.15627580e-01  -8.20635482e-01
   -9.48418693e-01   9.23567872e-01  -5.76602628e-02   8.47415977e-01
    5.25809167e-01  -7.80644573e-01   2.00959310e-02   8.15052189e-02
   -3.65750742e-01  -1.87723605e-01   9.29548214e-01]
 [ -2.23171319e-01  -5.26342392e-02   3.71408660e-01  -5.82429713e-01
   -3.76721443e-01   6.60257863e-01   1.06989557e+00  -3.04525169e-01
   -3.18196806e-01   2.86729070e-01  -2.41173780e-01  -7.07433864e-01
   -7.45984657e-01  -1.34786747e-01   6.06214351e-01]
 [  7.91117623e-01   2.90483141e-01  -7.77623304e-01   7.97220889e-01
   -7.13741060e-01  -1.07411979e+00   1.27653378e+00   7.68807291e-01
    5.27796464e-01  -5.67319102e-01   7.88527212e-01  -3.34928168e-01
    8.52801998e-01   5.51482873e-01   4.06271813e-01]
 [  2.68467038e-01  -9.55572872e-02   1.23612270e+00   1.28365523e+00
    6.64323911e-01  -2.16130825e-01  -3.69852771e-01   3.36339749e-03
   -4.41345822e-01  -4.11814848e-01  -8.13220396e-01   7.75225458e-02
    3.51935414e-01   1.28003312e-01  -9.95744602e-02]
 [  5.01914938e-01   3.60924694e-01   6.09718058e-01   5.92346483e-01
    1.99355165e-01   9.69756762e-01   1.40980762e-01  -8.10490348e-01
    9.20919347e-01   3.18420273e-02   4.68720535e-02   2.96386588e-01
    7.34302856e-01  -5.60663459e-01   1.09791017e-01]
 [  4.10491529e-01   3.00264587e-01  -4.63846433e-01   6.04575335e-01
   -4.00944103e-01   7.19915627e-01  -3.60846341e-01   3.87670160e-02
    5.94034878e-02   3.21617507e-01   8.44526251e-01   5.90128834e-01
    6.20177685e-01  -4.85609994e-01  -5.67119155e-01]
 [ -8.82598500e-01  -8.07737513e-01  -1.19057714e-01   1.01100792e-01
    8.62172360e-02  -4.17302267e-01   5.53577381e-01  -5.63562645e-01
   -3.55882424e-01  -4.35038016e-01  -8.25109935e-02  -1.71724568e-01
   -6.53331315e-01  -6.22441375e-01   2.62422379e-01]
 [  4.10296773e-01  -7.06442030e-01   8.69583590e-01  -7.16316164e-01
    7.89113459e-01   6.76944782e-01   7.69332220e-01   9.29321224e-01
    3.42466109e-01   3.74590293e-01   9.72915583e-01  -8.91899194e-02
    1.63317058e-01  -9.80470149e-01   8.27385778e-01]
 [ -2.95150388e-01  -1.22438391e-01  -6.54133411e-01   7.71648385e-01
   -2.02642474e-01   6.54402171e-01  -2.97600276e-01  -2.65250426e-01
   -3.09687409e-01   6.51204557e-01   3.61129120e-01   2.56162400e-01
   -8.46780629e-01   1.54446880e-02  -3.25335463e-01]
 [  7.86455728e-01  -8.81526336e-01   5.69947732e-01  -6.66045953e-01
    1.63397430e-01  -2.66980641e-01  -6.23588900e-01  -8.59640393e-01
    4.57943227e-01   2.70788439e-01   8.53977758e-01  -8.85149645e-01
   -5.32315127e-01   3.55323209e-01  -1.71351056e-02]
 [  1.93343472e-01  -1.22627775e-01   5.19622430e-01   7.10262578e-01
   -5.10929101e-01  -6.96550435e-01   5.66379073e-01   4.73180607e-01
   -8.02070297e-02   4.05425703e-01  -6.28275825e-01   3.23933226e-01
   -1.90469158e-01  -1.14728779e-01   1.22131542e-01]
 [ -6.80789442e-01  -7.17413987e-01   8.77998442e-01   4.46993229e-01
    1.44788786e-02   1.94619229e-01   6.34340401e-01  -1.50876082e-01
   -9.95984537e-01  -9.71425250e-01   8.37766493e-02  -1.81470912e-02
    2.42253217e-01   3.24474446e-01  -8.92463621e-01]
 [  7.84346106e-01  -3.45130940e-02   7.71648144e-01  -7.27623564e-01
    1.11360483e-01   1.00880446e+00  -9.53180476e-01   2.38871189e-01
   -3.87011027e-01  -1.18146499e+00  -5.58035455e-01  -4.52842893e-01
    4.86468654e-01  -1.27743015e-01  -8.72219449e-01]
 [ -1.71200098e-01  -5.56507239e-01  -3.23695312e-01   6.34507234e-01
    1.66247028e-01  -2.17904189e-01   3.31377173e-01  -6.95102444e-01
    7.35058833e-01   7.35472413e-01  -1.39917342e-01  -1.69769442e-02
   -6.04535553e-01   1.04198946e+00   5.90416785e-02]
 [  2.32548432e-01  -4.95205540e-01   7.75296518e-01  -7.10757815e-01
    1.39072815e-01  -4.09590690e-01   1.00813835e+00   2.30273730e-01
    5.65791427e-01   1.80960549e-02   2.96546352e-01  -5.94518855e-01
   -5.37626458e-01   2.12628399e-02   3.34531642e-01]
 [  7.20646052e-01  -3.40406742e-01   7.95131728e-01  -4.45373548e-01
   -4.49675586e-01  -1.18377486e-01   5.12788613e-01  -9.26647938e-01
   -1.40077026e-01   6.85781907e-01   5.46332098e-01  -3.96761696e-01
   -1.79264153e-01   5.84992772e-01   2.76943744e-01]
 [  9.58571848e-01   9.15715659e-01  -4.30255172e-03  -2.03896623e-01
    5.22244310e-01   9.09155988e-02   8.23561036e-01   7.44523455e-01
   -6.52040015e-01  -3.80993731e-01  -3.61944542e-01   3.64182335e-01
    3.98621534e-01   6.93597855e-01   2.40653874e-01]
 [  4.54331143e-01  -3.36878683e-01   6.86265289e-02   4.33435564e-01
   -6.56537682e-01   3.12047821e-01   1.08637295e+00  -8.01286993e-01
   -5.96228851e-01  -4.43333600e-01   1.93061545e-01   3.56503411e-01
    3.97235689e-01   2.99152755e-01   1.79716568e-01]
 [ -1.32564721e-01   8.34660444e-01  -7.26860920e-01   9.51388826e-01
   -1.03243087e+00   5.48061630e-01   5.42276120e-01   1.13677377e+00
    8.00105947e-01  -4.01739563e-01   5.33392155e-01   6.92839912e-01
   -7.02090624e-02   8.76494081e-01   1.00433480e+00]
 [ -9.35000352e-01  -1.05427240e+00  -1.21777515e-02   1.27212389e-01
    9.40980806e-01   1.07226168e+00  -1.06363350e+00  -1.06345777e+00
    5.52664817e-01  -2.35195347e-01   9.94304068e-01   4.04824702e-01
   -1.02626875e-01   5.84374626e-01   6.04155823e-01]
 [  2.43938646e-02  -6.52556599e-01  -2.72334589e-01  -8.64684096e-01
    8.22679561e-01  -3.02930903e-01  -8.91240230e-01  -3.62989440e-01
    8.09938799e-01  -7.66843180e-01   6.93151695e-02  -5.27340060e-02
    4.50994737e-01  -1.47425809e-01  -9.48202472e-01]
 [ -2.58735004e-01   1.34784213e-01  -6.10589349e-01  -5.28718566e-01
   -4.11855558e-01  -7.27601345e-01   4.69245286e-01  -9.95989594e-01
    6.10204748e-01  -3.44043855e-01   1.04907967e-01   9.26900114e-01
   -8.41834520e-01  -9.82036147e-01   2.86417896e-01]
 [  2.51743118e-01   5.47090889e-01  -4.12700477e-01   1.00703475e+00
   -2.93581869e-01  -1.13476056e+00  -3.85471576e-01   5.98110878e-01
    3.52552340e-01   2.77290892e-01  -5.97139266e-01   6.54105206e-01
   -4.02549627e-01   7.35083895e-01   9.44809989e-01]
 [ -2.01318551e-01   8.23979378e-01  -2.12304818e-01   1.89460453e-01
    5.74540804e-01  -5.33520026e-01   3.04784080e-01   5.03497956e-01
    5.53035038e-01  -8.02888893e-01  -4.75491004e-01   7.48562999e-01
    2.31750776e-01  -7.58231976e-01   5.86420682e-01]
 [ -7.91234095e-01  -9.30853532e-01   2.91138487e-01   3.80030484e-02
   -5.14580314e-01   7.70210051e-01   8.54243801e-01  -2.02942941e-01
   -2.12444308e-01  -3.08196325e-01   8.26620128e-01   9.65737048e-01
   -4.25449514e-01   7.47627943e-01  -9.58777143e-02]
 [  1.60366622e-01   2.33738410e-02  -1.00126045e+00  -5.04675245e-01
    5.52561140e-02  -8.99209154e-01  -5.08966373e-01   5.95319814e-01
   -1.11998009e-01   2.33845408e-01  -1.21022653e-01   7.69331865e-02
    1.40503227e-01  -2.43269267e-01   1.63499282e-03]
 [ -6.31499422e-01   1.21406730e+00  -4.91954541e-01   1.15251282e+00
   -1.57474237e-02   1.52153844e-01  -2.05326622e-01  -5.12823053e-01
   -6.24366945e-01   1.06548574e+00  -4.90643421e-02   3.07101616e-01
    8.64846497e-01   2.25347491e-01   8.27805883e-01]
 [  3.61614431e-01  -5.88565483e-01   6.86042178e-01  -1.03625160e-01
   -5.55396326e-01  -3.42269833e-01  -7.79331387e-02   2.84694898e-01
    7.56670840e-01  -2.79080512e-01   7.03517467e-01   5.29880293e-01
   -1.02073621e+00   8.99628183e-01  -4.47997512e-01]
 [ -9.36157257e-01  -5.28106574e-01   8.70337246e-01   6.59891289e-01
    7.73892833e-01   8.27985451e-01   9.46566302e-01  -1.01931546e+00
   -5.20014981e-01   1.00517365e+00   2.27203967e-01   9.53653163e-01
   -3.52254192e-01   1.09638459e+00  -5.81589207e-01]
 [ -5.82155664e-01   5.00623123e-01  -8.37650067e-01   4.51689802e-01
    8.14041611e-01  -2.52171029e-01  -6.13347194e-01   9.26233742e-01
   -2.56340060e-01  -2.55385357e-01  -8.26448175e-01   1.14855588e+00
    1.55583518e-01  -5.68628625e-01  -9.16333004e-02]
 [ -6.68358379e-01   9.86511044e-01  -7.82050275e-01   3.36028430e-01
   -1.14637101e-01   3.44348015e-02  -7.07875095e-01   5.28285464e-01
    7.24873489e-01  -3.42260853e-01   8.34194677e-01  -7.62114408e-01
   -6.03230266e-01  -2.40319987e-01  -4.45565393e-01]
 [  6.90602223e-01  -6.48496635e-01   7.71734542e-01   6.95232460e-01
    6.11220806e-01   7.32664634e-01  -1.71972929e-02  -3.75668157e-01
   -6.52171712e-01   2.16110965e-01   9.95171767e-01  -2.51425508e-01
   -7.94862177e-01  -4.82815469e-01   4.19878010e-01]
 [ -5.49098914e-01  -8.57872673e-01  -1.18587928e-01   7.75872607e-01
   -6.17149328e-01  -4.47407417e-01   2.53490295e-01   8.88185259e-01
    9.55058021e-01   8.73907918e-01  -2.51757690e-01  -4.86306145e-01
   -7.02371206e-01  -8.72730917e-01   8.76936896e-01]
 [ -8.73743662e-01   6.58680216e-01  -6.73943140e-01   6.43030431e-01
    6.71141815e-01   7.75803447e-01  -9.85909196e-01   5.52095068e-01
    5.90422161e-01  -5.22552508e-01   9.79825093e-01  -9.39301531e-01
    5.00100388e-01   8.33698992e-01   1.14861910e-02]
 [ -4.33888440e-01  -6.24410606e-01  -4.37020564e-01  -5.16319595e-01
    6.46070924e-01   4.10339185e-01   5.31856337e-01  -6.62633393e-01
    5.00787119e-01   2.50062887e-01   9.69113113e-01   2.23597288e-01
   -7.54267121e-01  -8.87115985e-01   9.92863743e-01]
 [ -9.46861052e-01  -1.55549140e-01   8.80263689e-01   5.86973778e-01
   -5.08605964e-01   7.67128972e-01   1.82515269e-01   7.12565235e-01
   -3.07134042e-01   2.34475365e-01   5.91076792e-01   9.25186100e-01
    4.81536045e-01  -7.67019378e-02   1.11763137e-01]
 [  4.22651137e-02   7.74480247e-02  -7.08379908e-01  -2.50993609e-01
    3.80946551e-02  -7.21836547e-01   4.83881818e-01  -4.19997031e-01
   -9.16388737e-01   2.61988004e-01   9.86668179e-01   7.92313093e-01
   -3.32043607e-01   9.53694998e-01   3.57304666e-01]
 [  2.96782540e-01  -4.40694284e-02   7.73733759e-01  -8.21514715e-01
   -4.81873054e-01  -8.13435645e-01  -5.83998655e-01   3.63132269e-01
   -2.48187890e-02  -4.85068519e-01   3.82566935e-01   5.73449260e-01
   -5.83604813e-01  -5.93632173e-01   3.55052272e-01]
 [  3.63517525e-01  -3.82130459e-02  -8.63027377e-01  -2.63784208e-02
    9.89930575e-01   1.00393129e+00   2.37798121e-01   1.87518927e-01
   -8.15957621e-01  -3.74194087e-02  -4.86040496e-01   5.62545031e-01
    1.00073038e+00   5.19402433e-01  -1.22671553e-01]
 [ -3.82047249e-01   3.41233024e-01   5.58194636e-02   7.16399298e-01
    9.83096998e-01   2.65438745e-01  -7.66655429e-01   5.49556191e-01
    9.38716601e-02   9.06821297e-01   6.92926883e-01  -3.64000957e-01
    2.99879260e-02   1.05313112e-01  -4.37936257e-01]
 [ -8.06405390e-01  -3.04421127e-01  -4.84268554e-01   6.51212127e-01
    3.22124491e-01   7.81078954e-01  -9.45782930e-01   8.51263751e-01
   -5.69022651e-01   1.45965405e-01   9.96226011e-01   1.70676954e-01
    6.77137246e-01  -8.15176956e-01   1.21062414e-01]
 [  4.92544695e-01  -7.24911697e-01  -5.39229242e-01  -8.00530278e-01
   -4.19460199e-01  -7.49933853e-01   1.74224750e-01  -9.53399964e-01
    2.97798469e-01   9.35564143e-01  -5.70788551e-01  -6.86818784e-02
   -7.50481879e-01   7.84220254e-01   1.15824715e-01]
 [  9.22954295e-01  -8.07778929e-01  -9.42650941e-01  -1.42222043e-01
    4.17499713e-01   2.94939259e-01   2.75365260e-01  -1.05586644e+00
    5.86866278e-01  -1.08337559e-03   4.41367949e-01  -3.80020200e-02
    3.26612213e-02   3.45446908e-01  -3.62459551e-01]
 [ -6.62799058e-02   6.55960891e-01  -7.47987499e-01  -8.32669911e-01
    4.89195401e-01   8.01478125e-01  -2.74783072e-01   5.21281866e-01
   -4.34906032e-01  -5.00258670e-01  -3.62074870e-01   3.92485522e-01
    7.10451575e-01  -2.75294946e-01   3.15342616e-01]
 [ -5.48264589e-01  -3.45725382e-01   3.64640533e-01   7.29952558e-01
    8.36174035e-01  -2.34192201e-01   1.53609048e-01   7.89410009e-02
   -2.52100472e-01   1.97359210e-01  -1.86584224e-02  -2.52422404e-01
   -9.10055802e-02   2.37159732e-01  -4.76001232e-01]
 [ -7.67010899e-01  -5.42686758e-01   2.41338784e-01   4.87583831e-01
    2.56275084e-01  -3.09531361e-01  -2.36420162e-01  -2.87375185e-01
    5.02455540e-01  -7.79195556e-01  -1.64940667e-01  -5.12772026e-01
   -5.56427046e-01   1.11172948e-01  -2.61105899e-01]
 [  6.41605491e-01  -9.74932538e-01  -7.27087969e-01  -1.27098970e-01
    8.49875752e-01  -9.53566627e-01   9.75462846e-01  -3.05688087e-01
    7.65525066e-01   9.03123448e-01  -7.95621695e-02  -6.20371552e-01
   -6.36114229e-01  -1.03271559e-01  -5.32276594e-02]
 [  3.76716296e-01  -4.58841682e-01  -4.72970327e-01   7.39379377e-01
    3.98174770e-01   1.30954941e-01  -4.72260528e-01  -8.98361784e-01
    1.25568633e-01   3.83046316e-01   8.37108629e-01   8.34789683e-02
   -7.16303175e-01   4.24104803e-01  -6.76340451e-01]]
hidden to ouput weights
[[ 0.26162107  0.77942195]
 [-0.29494322 -1.00165742]
 [-1.25595215  1.36549933]
 [-2.28698426 -0.66147587]
 [ 0.7519028   1.58523655]
 [ 0.92742238  1.01051232]
 [-1.51872619 -0.66630815]
 [-0.63222546 -0.96716036]
 [-0.0146253   0.22623332]
 [-1.07928601 -1.22001489]
 [ 0.88325478  0.4356591 ]
 [ 1.19429516  1.1097943 ]
 [ 0.55061678  0.03122957]
 [-1.61885436  0.67606045]
 [-0.80982844 -1.74201919]]
